       4        3        0        0         -34.29250000          34.51709928          34.96006539           0.00052091      1.29593948e-009      3.59991594e-005      6.05784502e+002      4.06419705e-001
       3        3        0        0         -29.45625000         -29.72710302          30.25614711           0.00629507      1.39727777e-007     -3.73801788e-004      5.75045991e+002      3.85968357e-001
       3        2        0        0         -25.92750000          26.24168682          26.85261118           0.00496422      7.36217811e-007     -8.58031358e-004      5.56371802e+002      3.73189758e-001
       2        2        0        0         -20.20562500         -20.61894577          21.41742244           0.00045431      8.91192153e-007      9.44029742e-004      5.33504829e+002      3.58063753e-001
       2        1        0        0         -16.24812500          16.76713557          17.75358811           0.00136742      1.61076546e-006      1.26915935e-003      5.20919214e+002      3.49226266e-001
       1        1        0        0          -9.76000000         -10.61588091          12.14199480           0.00311875      1.77307845e-006     -1.33156992e-003      5.07815400e+002      3.40683444e-001
       1        0        0        0          -6.80858765           7.99274149           9.36671608           0.00399561      1.65288452e-006     -1.28564556e-003      5.02419670e+002      3.35984548e-001
       0        0        1        0          -2.69375732           4.98531809           7.27168996           0.00765801      3.93558830e-006      1.98383172e-003      5.00466823e+002      3.35381192e-001
       0        1        0        0           2.82875000          -5.05940318          13.93549318           0.00555663      4.03608499e-006      2.00900099e-003      5.02628702e+002      3.38246484e-001
       1        1        0        0          11.91812500          12.62525014          17.58090208           0.00898264      1.85519206e-006     -1.36205435e-003      5.11613834e+002      3.43304599e-001
       1        2        0        0          16.04437500         -16.57012775          23.31273014           0.00897930      1.05611859e-006     -1.02767630e-003      5.21477213e+002      3.50340750e-001
       2        2        0        0          22.20687500          22.58017458          26.90061135           0.00378444      8.68529804e-007      9.31949464e-004      5.40799387e+002      3.62965526e-001
       2        3        0        0          25.96375000         -26.27743757          31.92363877           0.00145984      4.63577233e-007      6.80865063e-004      5.57254852e+002      3.74257456e-001
       3        3        0        0          31.16875000          31.42177658          35.04784707           0.00842740      1.54325576e-009     -3.92842941e-005      5.85167305e+002      3.92761811e-001
